1000/012706
001000
000167
012000
010146
016701
000224
011101
042701
177577
001772
016701
000212
110011
012601
000207
000167
177744
016700
000176
011000
042700
177577
001772
016700
000164
011000
042700
177400
000207
004767
177744
004767
177734
000207
010046
012700
000015
004767
177720
012700
000012
004767
177710
012600
000207
010346
010003
112300
001403
004767
177670
000773
012603
000207
010146
116701
000066
042701
177400
010100
106100
042700
177400
074100
106000
042700
177400
105267
000040
116701
000034
042701
177400
060100
042700
177400
110067
000014
012601
000207
177564
177566
177560
177562
000000
000000
010246
010346
010446
010104
010002
010403
005703
001413
005000
010201
012702
000012
071002
062701
000060
010146
010002
005303
000763
010403
005703
001405
012600
004767
177500
005303
000771
012604
012603
012602
000207
010046
010346
010446
012703
012232
005004
020427
000007
002010
022300
001402
005204
000771
010402
012701
000001
000425
026700
010626
001003
012701
000002
000417
012703
012252
005004
020427
000003
002010
022300
001402
005204
000771
010402
012701
000003
000401
005001
012604
012603
012600
000207
010546
010105
005705
001423
010046
004767
177440
042700
177700
020067
010502
001771
004767
177620
005701
001365
012601
010011
062701
000002
010100
005305
000753
012605
000207
012767
011610
010504
005067
010502
012767
000012
010476
000207
012701
012122
005002
020227
000100
002013
004767
177332
042700
177600
012703
011722
060003
111311
005201
005202
000762
005067
010350
005067
010346
012703
012122
005002
020227
000100
002021
112300
042700
177400
010004
042704
000367
060467
010310
010004
042704
000317
006204
006204
060467
010274
005202
000754
016700
010262
006200
006200
006200
010067
010250
020027
000007
002010
020027
000002
002012
012701
000010
004767
000070
000723
012701
000010
004767
000114
000716
016700
010206
006200
006200
010067
010176
020027
000040
002011
020027
000012
002401
000410
012701
000020
004767
000012
000674
004767
000100
000671
000207
010046
004767
177062
042700
177700
012702
012122
060002
111200
042700
177400
050100
110012
012600
000207
010046
004767
177024
042700
177700
012702
012122
060002
111200
042700
177400
040100
110012
012600
000207
010046
004767
176766
042700
177700
012702
012122
060002
111200
042700
177400
162700
000020
110012
012600
000207
016700
010040
006300
006300
006300
066700
010030
012701
012122
060001
111100
042700
177400
010067
010012
000207
010246
010346
012703
012260
012702
000003
005702
001412
004767
176650
010001
042701
177774
000301
050001
010123
005302
000764
012603
012602
000207
012701
012232
012702
000007
005702
001404
012721
177777
005302
000772
012767
177777
007662
012767
177777
007656
012767
177777
007652
012767
177777
007646
016700
007656
042700
000370
010001
001404
012700
012232
004767
177044
016700
007632
042700
000367
001406
012700
012250
012701
000001
004767
177016
016700
007604
042700
000317
006200
006200
006200
006200
010001
001404
012700
012252
004767
176762
004767
177540
000207
010146
010246
020067
007474
001003
012700
000001
000424
004767
176604
005701
001417
020127
000001
001406
020127
000002
001406
012700
000004
000407
012700
000002
000404
012700
000003
000401
005000
012602
012601
000207
010146
010246
010001
042701
177770
010002
006202
006202
006202
062702
000061
010200
004767
176162
012700
000054
004767
176152
062701
000061
010100
004767
176140
012602
012601
000207
010046
010146
010246
010346
010067
000104
005003
020327
000010
002031
016700
000070
006300
006300
006300
060300
004767
177552
010001
006301
060001
012702
003030
060102
112200
004767
176044
112200
004767
176036
112200
004767
176030
005203
000744
012603
012602
012601
012600
000207
000000
020040
036040
037052
025040
037040
036061
025453
000053
004767
176032
012700
003502
004767
176050
004767
176016
012704
000001
020427
000010
003171
010400
062700
000060
004767
175724
010400
005300
004767
177562
020427
000001
001015
012700
003534
004767
175772
012700
000062
166700
007054
012701
000002
004767
176074
000534
020427
000002
001023
012700
003552
004767
175732
016700
007064
042700
000317
001405
012700
003574
004767
175710
000513
012700
003566
004767
175676
000506
020427
000003
001016
012700
003600
004767
175656
016700
007004
006300
006300
006300
066700
006774
004767
177322
000465
020427
000004
001011
012700
003613
004767
175614
016700
006704
004767
177272
000451
020427
000005
001013
012700
003624
004767
175564
016700
006720
012701
000004
004767
175672
000433
020427
000006
001013
012700
003635
004767
175530
016700
006670
012701
000002
004767
175636
000415
020427
000007
001012
012700
003651
004767
175474
016700
006632
012701
000004
004767
175602
004767
175426
005204
000604
012700
003502
004767
175440
004767
175406
000207
026440
026461
031055
026455
026463
032055
026455
026465
033055
026455
026467
034055
000055
051440
040524
042122
052101
020105
030063
000060
041440
047117
044504
044524
047117
000040
051107
042505
000116
042522
000104
050440
040525
051104
047101
020124
020000
042523
052103
051117
000040
042440
042516
043522
020131
020000
047524
050122
042105
042517
020123
020000
044123
042511
042114
020123
000000
010246
016702
006402
005001
020200
002002
012701
000001
012602
000207
010246
016702
006360
005001
020200
002002
012701
000001
012602
000207
010146
016701
006332
160001
010167
006324
012601
000207
010146
016701
006314
160001
010167
006306
012601
000207
010146
016701
006272
060001
010167
006264
012601
000207
010146
016701
006254
060001
010167
006246
012601
000207
010246
010102
005702
001403
006200
005302
000773
012602
000207
010146
010246
010002
004767
177574
005701
001435
016700
006176
004767
177650
004767
177664
010200
004767
177546
005701
001026
004767
177606
012700
004372
004767
174776
010200
012701
000002
004767
177664
004767
177510
005701
001007
004767
177550
000406
010200
004767
177540
000402
000167
006160
012602
012601
000207
010146
010246
010002
012700
004427
004767
174706
010200
012701
000004
004767
175016
004767
174642
010200
004767
177436
005701
001004
010200
004767
177470
000437
016700
006004
004767
177456
004767
177472
010200
004767
177354
005701
001022
004767
177414
012700
004372
004767
174604
010200
012701
000002
004767
177472
004767
177316
005701
001003
004767
177356
000402
000167
005776
012602
012601
000207
040504
043516
051105
026440
051440
044510
046105
020104
047105
051105
054507
030040
030060
005015
046000
051517
020123
043117
042440
042516
043522
020131
000000
010246
004767
174416
020027
000061
002440
020027
000070
003035
162700
000060
010002
006302
162702
000002
012700
000056
004767
174322
004767
174352
020027
000060
001404
020027
000065
001405
000412
010200
012701
000001
000407
062702
000001
010200
012701
000001
000401
005001
012602
000207
010246
004767
174274
020027
000060
002434
020027
000067
003031
162700
000060
010002
006302
006302
006302
012700
000056
004767
174200
004767
174230
020027
000060
002412
020027
000067
003007
162700
000060
060200
001403
012701
000001
000401
005001
012602
000207
010146
010246
012702
005344
060002
111201
010167
000460
012702
005364
060002
111201
010167
000446
016701
005264
010102
042702
177770
006302
010267
000430
010102
006202
006202
006202
006302
010267
000414
012602
012601
000207
010046
005067
000402
005067
000400
016700
000366
066700
000356
010067
000356
005700
002404
020027
000020
002022
000442
042700
177760
010067
000332
012767
000001
000330
005767
005200
001004
012767
000001
000316
000502
005367
005162
000421
042700
177760
010067
000270
012767
000001
000266
026727
005136
000007
002404
012767
000001
000252
000460
005267
005116
016700
000234
066700
000224
010067
000224
005700
002404
020027
000020
002022
000442
042700
177760
010067
000200
012767
000001
000174
005767
005042
001004
012767
000001
000162
000424
005367
005024
000421
042700
177760
010067
000136
012767
000001
000132
026727
005000
000007
002404
012767
000001
000116
000402
005267
004760
012600
000207
010146
016700
000072
006200
006300
006300
006300
016701
000054
006201
060100
012601
000207
001002
000402
177400
177376
177376
177776
000400
001002
177400
177376
177376
177776
000400
001002
001002
000402
000000
000000
000000
000000
000000
000000
000000
000000
010046
010346
020127
000001
001005
012703
012232
006302
060203
000412
020127
000002
001003
012703
012250
000404
012703
012252
006302
060203
010300
012701
000001
004767
173772
012603
012600
000207
010046
010146
016700
004524
020027
177777
001440
010001
042701
000007
016700
004464
042700
000007
020001
001027
016701
004470
042701
177770
016700
004440
042700
177770
010146
062700
000001
020016
001406
162700
000002
020016
001402
005726
000404
005726
004767
173732
000400
012601
012600
000207
010046
016700
004420
006300
006300
006300
066700
004410
012701
012122
060001
012600
000207
010046
010146
012767
177777
004344
004767
177730
111100
042700
177400
042700
000010
110011
042767
000010
004340
005367
004264
001004
012700
006576
004767
173164
012601
012600
000207
010046
010146
010246
006302
012701
012252
060201
012711
177777
004767
177634
111100
042700
177400
162700
000020
110011
162767
000020
004244
005367
004172
001002
000167
004306
012602
012601
012600
000207
010046
010146
010246
012700
006434
004767
173046
004767
176356
005701
001770
010002
012700
006457
004767
173024
004767
176456
005701
001770
010067
177276
010200
004767
176552
005067
177262
004767
176642
005767
177250
001130
005767
177240
001413
012767
000001
177234
012700
000031
004767
175662
004767
174022
004767
174130
004767
177102
004767
173140
005701
001447
020127
000001
001404
020127
000002
001406
000423
005767
177156
001035
000167
004046
005767
177144
001030
004767
177410
012700
006511
004767
172642
012700
001130
004767
175706
000415
005767
177110
001012
004767
177440
012700
006545
004767
172606
012700
002734
004767
175652
005367
177060
001275
005767
177050
001405
005367
003650
001002
000167
003746
004767
176722
010067
003634
004767
172754
005701
001402
004767
177014
004767
177100
004767
174430
012602
012601
012600
000207
000167
003646
005015
047503
051125
042523
024040
026461
027070
024465
020077
006400
053412
051101
020120
040506
052103
051117
024040
027060
026461
027067
024467
020077
006400
051412
040520
042503
051440
040524
044524
047117
042040
051505
051124
054517
042105
005015
006400
040412
044514
047105
051440
044510
020120
042504
052123
047522
042531
006504
000012
005015
040514
052123
005015
000000
010246
010346
010446
005002
012703
000004
004767
172244
020027
000060
002422
020027
000071
003017
162700
000060
010204
006302
006302
006302
006304
060402
060002
005303
001355
010200
012701
000001
000401
005001
012604
012603
012602
000207
010046
010146
010346
010446
010546
012703
012252
060203
060203
012705
012260
060205
060205
011300
020027
177777
001531
012700
007254
004767
172146
011300
006200
006200
006200
012701
000004
004767
172250
012700
000054
004767
172022
011300
042700
177770
012701
000004
004767
172222
012700
007304
004767
172070
011300
006200
006200
006200
016701
003150
006201
006201
006201
160100
002001
005400
010004
011300
042700
177770
016701
003120
042701
177770
160100
002001
005400
060400
006200
006200
042700
177774
010001
016700
000176
004767
174666
011501
160001
010115
003423
012700
007307
004767
171746
010100
012701
000004
004767
172056
004767
171702
011500
012701
000002
004767
174616
004767
174766
000406
012700
007321
004767
171700
004767
176516
012605
012604
012603
012601
012600
000207
005015
046101
042511
020116
044123
050111
040440
020124
042523
052103
051117
000040
020072
042400
042516
043522
020131
020075
006400
042012
051505
051124
054517
042105
005015
000000
000000
010046
010146
010246
012700
010036
004767
171554
004767
177224
005701
001770
004767
171512
010002
004767
174454
016700
002664
042700
000317
006200
006200
006200
006200
005700
001424
010001
162701
000001
010200
004767
174372
010067
177672
005002
004767
177240
012702
000001
004767
177230
012702
000002
004767
177220
000404
012700
010071
004767
171426
012602
012601
012600
000207
010046
010146
010246
005767
002550
001532
005367
002542
012700
000372
004767
174116
005701
001115
012700
000372
004767
174152
012700
010131
004767
171342
004767
174652
005701
001770
004767
175076
016746
002456
016746
002450
004767
175162
005767
175570
001037
005767
175560
001034
004767
175450
004767
171506
005701
001762
020127
000001
001423
020127
000002
001407
004767
176064
012700
006545
004767
171232
000406
004767
175762
012700
006511
004767
171214
005726
005726
000440
012667
002334
012667
002332
016700
002330
042700
000317
001411
012700
010170
004767
171154
012700
000310
004767
174220
000416
012700
010071
004767
171132
000411
012700
010236
004767
171120
000404
012700
010264
004767
171106
012602
012601
012600
000207
005015
044120
051501
051117
042440
042516
043522
020131
047524
043040
051111
020105
020075
006400
047012
020117
046101
042511
020116
044123
050111
020523
053440
051501
042524
020104
044123
052117
005015
006400
052012
051117
042520
047504
052040
040522
042512
052103
051117
024131
026461
027070
024465
035040
000040
005015
047531
020125
044515
051523
042105
020041
046101
042511
020116
044123
050111
051040
052105
046101
040511
042524
006523
000012
005015
047516
020124
047105
052517
044107
042440
042516
043522
006531
000012
005015
047516
052040
051117
042520
047504
051505
005015
000000
010146
010001
004767
170570
005701
001406
012700
000055
004767
170506
005301
000770
012601
000207
010046
010146
010246
010002
012700
000061
004767
170456
012700
000040
004767
170446
010200
042700
000317
006200
006200
006200
006200
062700
000060
004767
170420
010200
042700
000367
006200
006200
006200
062700
000060
004767
170374
010200
042700
000370
062700
000060
004767
170356
012700
000040
004767
170346
012602
012601
012600
000207
010046
004767
170376
005000
004767
177624
005000
004767
177616
005000
004767
177610
012700
000061
004767
170276
012600
000207
010146
010246
010346
010446
010004
004767
170322
005767
001500
001420
010400
006300
006300
006300
016701
001462
162701
000001
060100
012702
012122
060002
111200
042700
177400
000401
005000
004767
177502
010400
006300
006300
006300
066700
001414
012702
012122
060002
111200
042700
177400
004767
177446
026727
001370
000007
001420
010400
006300
006300
006300
016701
001350
062701
000001
060100
012702
012122
060002
111200
042700
177400
000401
005000
004767
177370
012700
000061
004767
170056
012604
012603
012602
012601
000207
010046
012700
011624
004767
170126
012700
003600
004767
170116
016700
001244
006300
006300
006300
066700
001234
004767
171562
012700
000023
004767
177236
005767
001212
001407
016700
001204
162700
000001
004767
177454
000402
004767
177402
012700
000023
004767
177176
016700
001152
004767
177426
012700
000023
004767
177156
026727
001132
000007
001407
016700
001122
062700
000001
004767
177372
000402
004767
177320
012700
000023
004767
177114
004767
167710
012600
000207
010046
010246
010346
010446
012700
011644
004767
167712
012700
000061
004767
177054
005004
020427
000010
002037
004767
167640
010403
006303
006303
006303
005002
020227
000010
002013
012700
012122
060300
060200
111000
042700
177400
004767
177032
005202
000762
012700
000061
004767
167514
012700
000061
004767
176752
005204
000736
012604
012603
012602
012600
000207
010346
010446
005002
004767
167510
020027
000055
001004
012702
000001
004767
167472
012704
000000
012703
000004
020027
000060
002425
020027
000071
003022
162700
000060
010401
006304
006304
006304
006301
060104
060004
005303
001403
004767
167414
000754
010400
012701
000001
000401
005001
012604
012603
000207
010046
010146
010246
012700
011665
004767
167414
004767
177626
005701
001770
004767
167352
005702
001011
004767
172120
005701
001016
004767
172160
004767
172234
000415
004767
172122
005701
001005
004767
172156
004767
172172
000404
012700
010236
004767
167320
012602
012601
012600
000207
005015
025514
027122
051440
040503
020116
047506
000122
005015
040507
040514
054530
042040
051511
046120
054501
006400
051412
044510
046105
020104
047105
051105
054507
052040
040522
051516
042506
020122
020075
000000
000400
021404
001412
000007
015000
002443
012003
011026
000000
000000
002400
013404
000405
000024
002000
000005
001007
004421
002000
000000
000043
022002
000000
003403
012400
002400
000016
003002
000025
001003
000023
001464
000407
000000
001400
000025
002000
017400
000404
001003
012003
000000
013000
000015
002000
001423
000000
012000
000413
011425
000000
001400
000007
000000
002035
013000
011400
000025
002000
001006
012403
000000
000026
000047
000000
000000
000000
000000
000000
000000
000000
000000
000000
000000
000000
000000
000000
000000
000000
000000
000000
000000
000000
000000
000000
000000
000000
000000
000000
000000
000000
000000
000000
000000
000000
000000
000000
000000
000000
000000
177777
177777
177777
177777
177777
177777
177777
177777
177777
177777
177777
000000
000000
000000
000000
000000
000000
000000
000000
000000
012700
012376
004767
166622
000167
000472
012700
012467
004767
166606
000167
000456
012700
012564
004767
166572
000167
000442
012700
012646
004767
166556
000167
000426
012700
012746
004767
166542
000167
000412
005015
047531
020125
047515
042526
020104
052517
020124
043117
052040
042510
043440
046101
054101
026131
054440
052517
020122
044123
050111
044440
020123
047514
052123
027056
047514
052123
005015
006400
045412
026501
047502
046517
020054
047531
020125
051103
051501
042510
020104
047111
047524
040440
051440
040524
027122
054440
052517
020122
044123
050111
044440
020123
042504
052123
047522
042531
006504
000012
005015
044515
051523
047511
020116
040506
046111
042105
020054
047531
020125
040510
042526
051040
047125
047440
052125
047440
020106
052123
051101
040504
042524
006523
000012
005015
047503
043516
040522
052524
040514
044524
047117
026123
054440
052517
044040
053101
020105
046105
046511
047111
052101
042105
040440
046114
047440
020106
044124
020105
046101
042511
020116
044123
050111
006523
000012
005015
041101
047101
047504
020116
044123
050111
020041
047516
042440
042516
043522
020131
042514
052106
005015
000000
012700
013450
004767
166114
004767
166132
004767
166014
110067
166220
020027
000116
001005
012700
013520
004767
166062
000000
004767
166524
016700
177140
062700
000005
010067
177132
012700
013535
004767
166030
016700
177114
012701
000002
004767
166136
012700
013561
004767
166004
016700
177072
012701
000002
004767
166112
012700
013602
004767
165760
016700
177042
062700
000060
004767
165650
012700
013623
004767
165734
004767
165752
042700
177700
010001
006201
006201
006201
010167
177042
010001
042701
177770
010167
177032
004767
166760
004767
166314
004767
167062
012700
012230
012701
000001
004767
166212
004767
167556
012700
000012
004767
170554
005367
165746
012700
013645
004767
165616
004767
165552
020027
000060
001423
020027
000061
001423
020027
000062
001423
020027
000063
001423
020027
000064
001423
020027
000065
001423
020027
000066
001423
000736
004767
172446
000733
004767
167440
000730
004767
175356
000725
004767
175556
000722
004767
176050
000717
004767
173702
000714
004767
174050
000711
005015
047504
054440
052517
053440
047101
020124
047524
043440
020117
047117
040440
051440
040520
042503
053040
054517
043501
037505
000040
005015
044103
041511
042513
020516
005015
006400
054412
052517
046440
051525
020124
042504
052123
047522
020131
020000
046101
042511
020116
044123
050111
020123
047111
000040
051440
040524
042122
052101
051505
053440
052111
020110
020000
050123
041501
020105
052123
052101
047511
051516
005015
006400
041412
046517
040515
042116
000077
